% Frequencies of Musical Notes
%
% "Middle C" is C4
%
% You may add more fundamental frequencies
% for other notes. 

C3=130.81; C4=261.63; C5=523.25; C6=1046.50;
D3=146.83; D4=293.66; D5=587.33; D6=1174.66;
E3=164.81; E4=329.63; E5=659.25; E6=1318.51;
F3=174.61; F4=415.30; F5=698.46; F6=1396.91;
G3=196.00; G4=392.00; G5=783.99; G6=1567.98;
A3=220.00; A4=440.00; A5=880.00; A6=1760.00;
B3=246.94; B4=493.88; B5=987.77; B6=1975.53;